1
27 
1
27 
1
33 
1
37 
14
26 36 37 43 44 45 48 49 51 59 61 62 67 68 
3
43 67 68 
2
37 44 
4
36 48 49 51 
4
36 51 57 66 
2
36 51 
3
48 49 50 
6
26 52 53 54 55 56 
5
52 53 54 55 56 
3
48 49 50 
2
57 66 
3
48 49 50 
6
28 29 31 32 58 66 
2
45 59 
1
59 
3
26 60 65 
1
61 
2
31 36 
1
62 
2
28 36 
5
48 49 50 63 64 
2
48 49 
1
26 
1
27 
1
28 
1
29 
1
30 
1
31 
1
32 
1
33 
1
34 
1
35 
1
36 
1
37 
1
38 
1
39 
1
40 
1
41 
1
42 
1
43 
1
44 
1
45 
1
46 
1
47 
1
48 
1
49 
1
50 
1
51 
1
52 
1
53 
1
54 
1
55 
1
56 
1
57 
1
58 
1
59 
1
60 
1
61 
1
62 
1
63 
1
64 
1
65 
1
66 
1
67 
1
68 
1
69 
1
69 
1
33 
1
37 
1
69 
1
42 
13
36 37 43 44 45 48 49 51 59 61 62 67 68 
13
36 37 43 44 45 48 49 51 59 61 62 67 68 
13
36 37 43 44 45 48 49 51 59 61 62 67 68 
13
36 37 43 44 45 48 49 51 59 61 62 67 68 
13
36 37 43 44 45 48 49 51 59 61 62 67 68 
10
28 29 31 32 36 40 47 51 58 66 
10
28 29 31 32 36 40 47 51 58 66 
3
48 49 50 
5
52 53 54 55 56 
3
48 49 50 
1
40 
3
48 49 50 
13
36 37 43 44 45 48 49 51 59 61 62 67 68 
13
36 37 43 44 45 48 49 51 59 61 62 67 68 
13
36 37 43 44 45 48 49 51 59 61 62 67 68 
13
36 37 43 44 45 48 49 51 59 61 62 67 68 
13
36 37 43 44 45 48 49 51 59 61 62 67 68 
13
36 37 43 44 45 48 49 51 59 61 62 67 68 
13
36 37 43 44 45 48 49 51 59 61 62 67 68 
2
28 36 
10
31 36 51 52 53 54 55 56 57 66 
1
69 
1
28 
7
28 30 48 49 50 63 64 
1
57 
1
31 
5
31 33 48 49 50 
1
57 
1
34 
1
35 
1
36 
13
36 37 43 44 45 48 49 51 59 61 62 67 68 
5
36 38 48 49 51 
1
39 
4
40 48 49 50 
1
41 
13
36 37 43 44 45 48 49 51 59 61 62 67 68 
15
36 37 43 44 45 48 49 51 59 60 61 62 65 67 68 
3
48 49 50 
4
36 48 49 51 
1
39 
3
48 49 50 
10
31 36 51 52 53 54 55 56 57 66 
10
31 36 51 52 53 54 55 56 57 66 
1
46 
5
52 53 54 55 56 
4
36 48 49 51 
3
48 49 50 
3
48 49 50 
3
48 49 50 
3
48 49 50 
3
48 49 50 
3
48 49 50 
1
57 
1
39 
1
41 
2
31 36 
2
28 36 
2
28 36 
2
28 36 
1
59 
3
48 49 57 
1
36 
1
36 
1
69 
