0 27
1
0
1 27
1
0
2 33
1
0
3 37
1
0
4 42
1
6
4 36
1
1
4 37
1
0
4 43
1
5
4 44
1
0
4 45
1
2
4 48
1
1
4 49
1
1
4 51
1
1
4 59
1
2
4 61
1
3
4 62
1
4
4 67
1
5
4 68
1
5
5 43
1
0
5 67
1
1
5 68
1
2
6 37
1
0
6 44
1
1
7 36
1
1
7 48
1
0
7 49
1
0
7 51
1
1
8 36
1
1
8 51
1
1
8 57
1
0
8 66
1
0
9 36
1
0
9 51
1
1
10 48
1
1
10 49
1
1
10 50
1
0
11 28
1
1
11 29
1
1
11 31
1
1
11 32
1
1
11 36
1
1
11 40
1
1
11 47
1
1
11 51
1
1
11 58
1
1
11 66
1
1
11 52
1
0
11 53
1
0
11 54
1
0
11 55
1
0
11 56
1
0
12 52
1
0
12 53
1
2
12 54
1
1
12 55
1
3
12 56
1
4
13 48
1
1
13 49
1
1
13 50
1
0
14 57
1
1
14 66
1
0
15 48
1
0
15 49
1
0
15 50
1
0
16 28
1
2
16 29
1
4
16 31
1
1
16 32
1
3
16 58
1
5
16 66
1
0
17 45
1
0
17 59
1
1
18 59
1
0
19 36
1
2
19 37
1
2
19 43
1
2
19 44
1
2
19 45
1
2
19 48
1
2
19 49
1
2
19 51
1
2
19 59
1
2
19 61
1
2
19 62
1
2
19 67
1
2
19 68
1
2
19 60
1
1
19 65
1
0
20 61
1
0
21 31
1
0
21 36
1
1
22 62
1
0
23 28
1
0
23 36
1
1
24 48
1
1
24 49
1
1
24 50
1
1
24 63
1
0
24 64
1
2
25 48
1
0
25 49
1
1
