0 26 1
3
1 2 3 
1 26 1
4
26 27 28 29 
2 30 1
4
30 31 32 33 
3 34 1
7
34 35 36 37 38 4 39 
4 33 1
2
6 4 
4 34 1
2
5 4 
4 40 1
4
40 24 33 4 
4 41 1
2
5 4 
4 42 1
2
16 4 
4 45 1
2
6 4 
4 46 1
2
6 4 
4 48 1
2
6 4 
4 56 1
2
16 4 
4 58 1
2
19 4 
4 59 1
2
21 4 
5 34 1
2
34 6 
5 41 1
2
41 6 
6 33 1
1
8 
6 45 1
2
24 7 
6 46 1
2
24 7 
6 48 1
1
8 
7 33 1
1
8 
7 48 1
1
8 
7 54 1
3
13 9 8 
7 63 1
3
13 9 8 
8 33 1
1
33 
8 48 1
2
48 6 
9 45 1
2
24 10 
9 46 1
2
24 10 
9 47 1
2
47 10 
10 49 1
3
11 12 10 
10 50 1
3
11 12 10 
10 51 1
3
11 12 10 
10 52 1
3
11 12 10 
10 53 1
3
11 12 10 
11 49 1
1
49 
11 50 1
1
50 
11 51 1
1
51 
11 52 1
1
52 
11 53 1
1
53 
12 45 1
1
24 
12 46 1
1
24 
12 47 1
1
47 
13 54 1
1
54 
13 63 1
3
63 24 13 
14 45 1
3
9 15 9 
14 46 1
3
9 15 9 
14 47 1
3
9 15 9 
15 27 1
2
27 54 
15 29 1
2
29 54 
15 54 1
2
54 54 
15 55 1
2
55 54 
16 42 1
7
42 36 14 37 38 4 39 
16 56 1
1
17 
17 56 1
8
56 36 14 37 38 4 39 18 
18 57 1
4
57 38 4 39 
18 62 1
9
62 56 36 14 37 38 4 39 18 
19 58 1
2
58 20 
20 29 1
4
29 29 24 20 
20 33 1
1
33 
21 59 1
2
59 22 
22 27 1
4
27 27 23 22 
22 33 1
1
33 
23 45 1
1
9 
23 46 1
1
9 
23 47 1
1
9 
23 60 1
1
60 
23 61 1
1
61 
24 45 1
1
45 
24 46 1
4
46 43 9 44 
