1
3
1 2 3 
1
4
27 28 30 31 
1
4
33 34 35 36 
1
7
37 38 39 40 41 4 42 
7
2
6 4 
2
7 4 
2
17 4 
2
20 4 
2
22 4 
2
5 4 
1
26 
3
3
43 10 36 
2
67 36 
2
68 36 
2
2
37 7 
2
44 7 
2
2
25 8 
1
9 
2
3
14 10 9 
1
9 
2
1
36 
2
51 7 
2
2
50 11 
2
25 11 
2
3
12 13 11 
1
26 
5
1
52 
1
54 
1
53 
1
55 
1
56 
2
1
50 
1
25 
2
3
66 25 14 
1
57 
1
3
10 16 10 
6
2
66 57 
1
31 
1
28 
2
32 57 
2
29 57 
2
58 57 
2
7
45 39 15 40 41 4 42 
1
18 
1
8
59 39 15 40 41 4 42 19 
3
9
65 59 39 15 40 41 4 42 19 
4
60 41 4 42 
1
26 
1
2
61 21 
2
4
31 31 25 21 
1
36 
1
2
62 23 
2
4
28 28 24 23 
1
36 
3
1
63 
1
10 
1
64 
2
1
48 
4
49 46 10 47 
0
0
0
0
0
0
0
0
0
0
0
0
0
0
0
0
0
0
0
0
0
0
0
0
0
0
0
0
0
0
0
0
0
0
0
0
0
0
0
0
0
0
0
0
